0 0
0.001 2.49043e-05
0.002 9.92361e-05
0.003 0.000222426
0.004 0.00039391
0.005 0.000613127
0.006 0.000879521
0.007 0.00119254
0.008 0.00155163
0.009 0.00195625
0.01 0.00240586
0.011 0.00289993
0.012 0.00343791
0.013 0.00401929
0.014 0.00464353
0.015 0.00531012
0.016 0.00601853
0.017 0.00676826
0.018 0.0075588
0.019 0.00838963
0.02 0.00926026
0.021 0.0101702
0.022 0.0111189
0.023 0.012106
0.024 0.0131308
0.025 0.014193
0.026 0.0152921
0.027 0.0164276
0.028 0.0175989
0.029 0.0188058
0.03 0.0200476
0.031 0.0213239
0.032 0.0226342
0.033 0.0239782
0.034 0.0253554
0.035 0.0267652
0.036 0.0282073
0.037 0.0296812
0.038 0.0311865
0.039 0.0327228
0.04 0.0342896
0.041 0.0358865
0.042 0.037513
0.043 0.0391688
0.044 0.0408534
0.045 0.0425665
0.046 0.0443075
0.047 0.0460762
0.048 0.0478721
0.049 0.0496947
0.05 0.0515438
0.051 0.0534189
0.052 0.0553196
0.053 0.0572455
0.054 0.0591962
0.055 0.0611715
0.056 0.0631708
0.057 0.0651938
0.058 0.0672402
0.059 0.0693096
0.06 0.0714015
0.061 0.0735157
0.062 0.0756518
0.063 0.0778094
0.064 0.0799882
0.065 0.0821878
0.066 0.0844079
0.067 0.0866481
0.068 0.0889081
0.069 0.0911876
0.07 0.0934861
0.071 0.0958035
0.072 0.0981393
0.073 0.100493
0.074 0.102865
0.075 0.105254
0.076 0.107661
0.077 0.110084
0.078 0.112524
0.079 0.11498
0.08 0.117452
0.081 0.119939
0.082 0.122442
0.083 0.12496
0.084 0.127492
0.085 0.130039
0.086 0.1326
0.087 0.135175
0.088 0.137764
0.089 0.140365
0.09 0.14298
0.091 0.145608
0.092 0.148247
0.093 0.150899
0.094 0.153563
0.095 0.156239
0.096 0.158926
0.097 0.161624
0.098 0.164333
0.099 0.167052
0.1 0.169782
0.101 0.172521
0.102 0.175271
0.103 0.17803
0.104 0.180799
0.105 0.183576
0.106 0.186362
0.107 0.189157
0.108 0.191961
0.109 0.194772
0.11 0.197591
0.111 0.200418
0.112 0.203253
0.113 0.206094
0.114 0.208943
0.115 0.211798
0.116 0.21466
0.117 0.217528
0.118 0.220402
0.119 0.223283
0.12 0.226168
0.121 0.22906
0.122 0.231956
0.123 0.234858
0.124 0.237764
0.125 0.240676
0.126 0.243591
0.127 0.246511
0.128 0.249435
0.129 0.252363
0.13 0.255294
0.131 0.258229
0.132 0.261168
0.133 0.264109
0.134 0.267054
0.135 0.270001
0.136 0.272951
0.137 0.275903
0.138 0.278857
0.139 0.281814
0.14 0.284772
0.141 0.287732
0.142 0.290694
0.143 0.293657
0.144 0.296622
0.145 0.299587
0.146 0.302553
0.147 0.30552
0.148 0.308488
0.149 0.311456
0.15 0.314425
0.151 0.317393
0.152 0.320362
0.153 0.32333
0.154 0.326298
0.155 0.329266
0.156 0.332233
0.157 0.335199
0.158 0.338165
0.159 0.341129
0.16 0.344092
0.161 0.347054
0.162 0.350015
0.163 0.352974
0.164 0.355932
0.165 0.358887
0.166 0.361841
0.167 0.364793
0.168 0.367742
0.169 0.370689
0.17 0.373634
0.171 0.376576
0.172 0.379516
0.173 0.382453
0.174 0.385387
0.175 0.388318
0.176 0.391245
0.177 0.39417
0.178 0.397091
0.179 0.400009
0.18 0.402924
0.181 0.405834
0.182 0.408741
0.183 0.411644
0.184 0.414544
0.185 0.417439
0.186 0.42033
0.187 0.423216
0.188 0.426099
0.189 0.428977
0.19 0.43185
0.191 0.434719
0.192 0.437583
0.193 0.440443
0.194 0.443297
0.195 0.446147
0.196 0.448991
0.197 0.451831
0.198 0.454665
0.199 0.457494
0.2 0.460317
0.201 0.463135
0.202 0.465948
0.203 0.468754
0.204 0.471556
0.205 0.474351
0.206 0.477141
0.207 0.479924
0.208 0.482702
0.209 0.485474
0.21 0.488239
0.211 0.490999
0.212 0.493752
0.213 0.496499
0.214 0.499239
0.215 0.501973
0.216 0.504701
0.217 0.507421
0.218 0.510136
0.219 0.512843
0.22 0.515544
0.221 0.518238
0.222 0.520926
0.223 0.523606
0.224 0.526279
0.225 0.528946
0.226 0.531605
0.227 0.534257
0.228 0.536902
0.229 0.53954
0.23 0.54217
0.231 0.544794
0.232 0.547409
0.233 0.550018
0.234 0.552619
0.235 0.555212
0.236 0.557798
0.237 0.560376
0.238 0.562947
0.239 0.56551
0.24 0.568065
0.241 0.570613
0.242 0.573153
0.243 0.575685
0.244 0.578209
0.245 0.580725
0.246 0.583233
0.247 0.585734
0.248 0.588226
0.249 0.59071
0.25 0.593187
0.251 0.595655
0.252 0.598115
0.253 0.600567
0.254 0.603011
0.255 0.605446
0.256 0.607873
0.257 0.610292
0.258 0.612703
0.259 0.615105
0.26 0.6175
0.261 0.619885
0.262 0.622263
0.263 0.624632
0.264 0.626992
0.265 0.629344
0.266 0.631688
0.267 0.634023
0.268 0.63635
0.269 0.638668
0.27 0.640977
0.271 0.643278
0.272 0.645571
0.273 0.647854
0.274 0.65013
0.275 0.652396
0.276 0.654654
0.277 0.656903
0.278 0.659144
0.279 0.661376
0.28 0.663599
0.281 0.665814
0.282 0.66802
0.283 0.670217
0.284 0.672405
0.285 0.674585
0.286 0.676756
0.287 0.678918
0.288 0.681072
0.289 0.683216
0.29 0.685352
0.291 0.687479
0.292 0.689598
0.293 0.691707
0.294 0.693808
0.295 0.6959
0.296 0.697983
0.297 0.700057
0.298 0.702123
0.299 0.70418
0.3 0.706227
0.301 0.708267
0.302 0.710297
0.303 0.712318
0.304 0.714331
0.305 0.716335
0.306 0.71833
0.307 0.720316
0.308 0.722293
0.309 0.724262
0.31 0.726222
0.311 0.728173
0.312 0.730115
0.313 0.732049
0.314 0.733973
0.315 0.735889
0.316 0.737796
0.317 0.739695
0.318 0.741584
0.319 0.743465
0.32 0.745337
0.321 0.7472
0.322 0.749055
0.323 0.750901
0.324 0.752738
0.325 0.754566
0.326 0.756386
0.327 0.758197
0.328 0.759999
0.329 0.761793
0.33 0.763578
0.331 0.765354
0.332 0.767122
0.333 0.768881
0.334 0.770631
0.335 0.772373
0.336 0.774106
0.337 0.775831
0.338 0.777547
0.339 0.779254
0.34 0.780953
0.341 0.782644
0.342 0.784325
0.343 0.785999
0.344 0.787664
0.345 0.78932
0.346 0.790968
0.347 0.792607
0.348 0.794238
0.349 0.795861
0.35 0.797475
0.351 0.799081
0.352 0.800678
0.353 0.802267
0.354 0.803848
0.355 0.805421
0.356 0.806985
0.357 0.808541
0.358 0.810088
0.359 0.811627
0.36 0.813159
0.361 0.814681
0.362 0.816196
0.363 0.817702
0.364 0.819201
0.365 0.820691
0.366 0.822173
0.367 0.823647
0.368 0.825113
0.369 0.826571
0.37 0.82802
0.371 0.829462
0.372 0.830896
0.373 0.832321
0.374 0.833739
0.375 0.835149
0.376 0.836551
0.377 0.837945
0.378 0.839331
0.379 0.840709
0.38 0.842079
0.381 0.843442
0.382 0.844797
0.383 0.846144
0.384 0.847483
0.385 0.848815
0.386 0.850138
0.387 0.851454
0.388 0.852763
0.389 0.854064
0.39 0.855357
0.391 0.856643
0.392 0.857921
0.393 0.859191
0.394 0.860454
0.395 0.861709
0.396 0.862957
0.397 0.864198
0.398 0.865431
0.399 0.866657
0.4 0.867875
0.401 0.869086
0.402 0.870289
0.403 0.871486
0.404 0.872675
0.405 0.873856
0.406 0.875031
0.407 0.876198
0.408 0.877358
0.409 0.878511
0.41 0.879657
0.411 0.880795
0.412 0.881927
0.413 0.883051
0.414 0.884169
0.415 0.885279
0.416 0.886383
0.417 0.887479
0.418 0.888569
0.419 0.889651
0.42 0.890727
0.421 0.891796
0.422 0.892858
0.423 0.893913
0.424 0.894961
0.425 0.896003
0.426 0.897038
0.427 0.898066
0.428 0.899087
0.429 0.900102
0.43 0.90111
0.431 0.902112
0.432 0.903107
0.433 0.904095
0.434 0.905077
0.435 0.906053
0.436 0.907022
0.437 0.907984
0.438 0.90894
0.439 0.90989
0.44 0.910833
0.441 0.91177
0.442 0.9127
0.443 0.913624
0.444 0.914542
0.445 0.915454
0.446 0.91636
0.447 0.917259
0.448 0.918152
0.449 0.919039
0.45 0.91992
0.451 0.920795
0.452 0.921663
0.453 0.922526
0.454 0.923383
0.455 0.924234
0.456 0.925078
0.457 0.925917
0.458 0.92675
0.459 0.927577
0.46 0.928398
0.461 0.929213
0.462 0.930023
0.463 0.930827
0.464 0.931625
0.465 0.932417
0.466 0.933203
0.467 0.933984
0.468 0.93476
0.469 0.935529
0.47 0.936293
0.471 0.937052
0.472 0.937805
0.473 0.938552
0.474 0.939294
0.475 0.94003
0.476 0.940761
0.477 0.941487
0.478 0.942207
0.479 0.942922
0.48 0.943631
0.481 0.944336
0.482 0.945034
0.483 0.945728
0.484 0.946417
0.485 0.9471
0.486 0.947778
0.487 0.948451
0.488 0.949118
0.489 0.949781
0.49 0.950439
0.491 0.951091
0.492 0.951738
0.493 0.952381
0.494 0.953018
0.495 0.953651
0.496 0.954279
0.497 0.954901
0.498 0.955519
0.499 0.956132
0.5 0.95674
0.501 0.957344
0.502 0.957942
0.503 0.958536
0.504 0.959125
0.505 0.959709
0.506 0.960289
0.507 0.960864
0.508 0.961434
0.509 0.962
0.51 0.962562
0.511 0.963118
0.512 0.96367
0.513 0.964218
0.514 0.964761
0.515 0.9653
0.516 0.965834
0.517 0.966364
0.518 0.966889
0.519 0.96741
0.52 0.967927
0.521 0.96844
0.522 0.968948
0.523 0.969452
0.524 0.969951
0.525 0.970447
0.526 0.970938
0.527 0.971425
0.528 0.971908
0.529 0.972387
0.53 0.972861
0.531 0.973332
0.532 0.973799
0.533 0.974261
0.534 0.97472
0.535 0.975174
0.536 0.975625
0.537 0.976071
0.538 0.976514
0.539 0.976953
0.54 0.977388
0.541 0.977819
0.542 0.978246
0.543 0.97867
0.544 0.979089
0.545 0.979505
0.546 0.979917
0.547 0.980326
0.548 0.980731
0.549 0.981132
0.55 0.981529
0.551 0.981923
0.552 0.982313
0.553 0.9827
0.554 0.983083
0.555 0.983462
0.556 0.983838
0.557 0.984211
0.558 0.98458
0.559 0.984946
0.56 0.985308
0.561 0.985667
0.562 0.986022
0.563 0.986374
0.564 0.986723
0.565 0.987068
0.566 0.98741
0.567 0.987749
0.568 0.988084
0.569 0.988416
0.57 0.988745
0.571 0.989071
0.572 0.989394
0.573 0.989713
0.574 0.99003
0.575 0.990343
0.576 0.990653
0.577 0.99096
0.578 0.991264
0.579 0.991565
0.58 0.991863
0.581 0.992158
0.582 0.992449
0.583 0.992738
0.584 0.993024
0.585 0.993307
0.586 0.993588
0.587 0.993865
0.588 0.994139
0.589 0.994411
0.59 0.99468
0.591 0.994946
0.592 0.995209
0.593 0.995469
0.594 0.995727
0.595 0.995982
0.596 0.996234
0.597 0.996483
0.598 0.99673
0.599 0.996974
0.6 0.997216
0.601 0.997455
0.602 0.997691
0.603 0.997925
0.604 0.998156
0.605 0.998384
0.606 0.99861
0.607 0.998834
0.608 0.999055
0.609 0.999273
0.61 0.99949
0.611 0.999703
0.612 0.999914
0.613 1.00012
0.614 1.00033
0.615 1.00053
0.616 1.00074
0.617 1.00093
0.618 1.00113
0.619 1.00133
0.62 1.00152
0.621 1.00171
0.622 1.0019
0.623 1.00208
0.624 1.00227
0.625 1.00245
0.626 1.00263
0.627 1.0028
0.628 1.00298
0.629 1.00315
0.63 1.00332
0.631 1.00349
0.632 1.00365
0.633 1.00382
0.634 1.00398
0.635 1.00414
0.636 1.0043
0.637 1.00445
0.638 1.00461
0.639 1.00476
0.64 1.00491
0.641 1.00506
0.642 1.0052
0.643 1.00535
0.644 1.00549
0.645 1.00563
0.646 1.00577
0.647 1.00591
0.648 1.00604
0.649 1.00617
0.65 1.0063
0.651 1.00643
0.652 1.00656
0.653 1.00669
0.654 1.00681
0.655 1.00693
0.656 1.00705
0.657 1.00717
0.658 1.00729
0.659 1.0074
0.66 1.00752
0.661 1.00763
0.662 1.00774
0.663 1.00785
0.664 1.00796
0.665 1.00806
0.666 1.00816
0.667 1.00827
0.668 1.00837
0.669 1.00847
0.67 1.00856
0.671 1.00866
0.672 1.00875
0.673 1.00885
0.674 1.00894
0.675 1.00903
0.676 1.00912
0.677 1.0092
0.678 1.00929
0.679 1.00937
0.68 1.00946
0.681 1.00954
0.682 1.00962
0.683 1.00969
0.684 1.00977
0.685 1.00985
0.686 1.00992
0.687 1.00999
0.688 1.01007
0.689 1.01014
0.69 1.01021
0.691 1.01027
0.692 1.01034
0.693 1.0104
0.694 1.01047
0.695 1.01053
0.696 1.01059
0.697 1.01065
0.698 1.01071
0.699 1.01077
0.7 1.01083
0.701 1.01088
0.702 1.01094
0.703 1.01099
0.704 1.01104
0.705 1.01109
0.706 1.01114
0.707 1.01119
0.708 1.01124
0.709 1.01128
0.71 1.01133
0.711 1.01137
0.712 1.01142
0.713 1.01146
0.714 1.0115
0.715 1.01154
0.716 1.01158
0.717 1.01161
0.718 1.01165
0.719 1.01169
0.72 1.01172
0.721 1.01176
0.722 1.01179
0.723 1.01182
0.724 1.01185
0.725 1.01188
0.726 1.01191
0.727 1.01194
0.728 1.01197
0.729 1.01199
0.73 1.01202
0.731 1.01204
0.732 1.01207
0.733 1.01209
0.734 1.01211
0.735 1.01213
0.736 1.01215
0.737 1.01217
0.738 1.01219
0.739 1.01221
0.74 1.01222
0.741 1.01224
0.742 1.01226
0.743 1.01227
0.744 1.01228
0.745 1.0123
0.746 1.01231
0.747 1.01232
0.748 1.01233
0.749 1.01234
0.75 1.01235
0.751 1.01236
0.752 1.01237
0.753 1.01238
0.754 1.01238
0.755 1.01239
0.756 1.01239
0.757 1.0124
0.758 1.0124
0.759 1.0124
0.76 1.01241
0.761 1.01241
0.762 1.01241
0.763 1.01241
0.764 1.01241
0.765 1.01241
0.766 1.01241
0.767 1.01241
0.768 1.0124
0.769 1.0124
0.77 1.0124
0.771 1.01239
0.772 1.01239
0.773 1.01238
0.774 1.01238
0.775 1.01237
0.776 1.01236
0.777 1.01235
0.778 1.01235
0.779 1.01234
0.78 1.01233
0.781 1.01232
0.782 1.01231
0.783 1.0123
0.784 1.01229
0.785 1.01228
0.786 1.01226
0.787 1.01225
0.788 1.01224
0.789 1.01222
0.79 1.01221
0.791 1.0122
0.792 1.01218
0.793 1.01217
0.794 1.01215
0.795 1.01213
0.796 1.01212
0.797 1.0121
0.798 1.01208
0.799 1.01207
0.8 1.01205
0.801 1.01203
0.802 1.01201
0.803 1.01199
0.804 1.01197
0.805 1.01195
0.806 1.01193
0.807 1.01191
0.808 1.01189
0.809 1.01187
0.81 1.01185
0.811 1.01182
0.812 1.0118
0.813 1.01178
0.814 1.01176
0.815 1.01173
0.816 1.01171
0.817 1.01168
0.818 1.01166
0.819 1.01163
0.82 1.01161
0.821 1.01158
0.822 1.01156
0.823 1.01153
0.824 1.01151
0.825 1.01148
0.826 1.01145
0.827 1.01143
0.828 1.0114
0.829 1.01137
0.83 1.01134
0.831 1.01132
0.832 1.01129
0.833 1.01126
0.834 1.01123
0.835 1.0112
0.836 1.01117
0.837 1.01114
0.838 1.01111
0.839 1.01108
0.84 1.01105
0.841 1.01102
0.842 1.01099
0.843 1.01096
0.844 1.01093
0.845 1.0109
0.846 1.01087
0.847 1.01084
0.848 1.01081
0.849 1.01078
0.85 1.01074
0.851 1.01071
0.852 1.01068
0.853 1.01065
0.854 1.01061
0.855 1.01058
0.856 1.01055
0.857 1.01052
0.858 1.01048
0.859 1.01045
0.86 1.01042
0.861 1.01038
0.862 1.01035
0.863 1.01031
0.864 1.01028
0.865 1.01025
0.866 1.01021
0.867 1.01018
0.868 1.01014
0.869 1.01011
0.87 1.01007
0.871 1.01004
0.872 1.01
0.873 1.00997
0.874 1.00993
0.875 1.0099
0.876 1.00986
0.877 1.00983
0.878 1.00979
0.879 1.00976
0.88 1.00972
0.881 1.00969
0.882 1.00965
0.883 1.00962
0.884 1.00958
0.885 1.00954
0.886 1.00951
0.887 1.00947
0.888 1.00944
0.889 1.0094
0.89 1.00936
0.891 1.00933
0.892 1.00929
0.893 1.00925
0.894 1.00922
0.895 1.00918
0.896 1.00915
0.897 1.00911
0.898 1.00907
0.899 1.00904
0.9 1.009
0.901 1.00896
0.902 1.00893
0.903 1.00889
0.904 1.00885
0.905 1.00882
0.906 1.00878
0.907 1.00874
0.908 1.0087
0.909 1.00867
0.91 1.00863
0.911 1.00859
0.912 1.00856
0.913 1.00852
0.914 1.00848
0.915 1.00845
0.916 1.00841
0.917 1.00837
0.918 1.00834
0.919 1.0083
0.92 1.00826
0.921 1.00823
0.922 1.00819
0.923 1.00815
0.924 1.00812
0.925 1.00808
0.926 1.00804
0.927 1.00801
0.928 1.00797
0.929 1.00793
0.93 1.0079
0.931 1.00786
0.932 1.00782
0.933 1.00779
0.934 1.00775
0.935 1.00771
0.936 1.00768
0.937 1.00764
0.938 1.0076
0.939 1.00757
0.94 1.00753
0.941 1.00749
0.942 1.00746
0.943 1.00742
0.944 1.00739
0.945 1.00735
0.946 1.00731
0.947 1.00728
0.948 1.00724
0.949 1.00721
0.95 1.00717
0.951 1.00713
0.952 1.0071
0.953 1.00706
0.954 1.00703
0.955 1.00699
0.956 1.00696
0.957 1.00692
0.958 1.00689
0.959 1.00685
0.96 1.00682
0.961 1.00678
0.962 1.00674
0.963 1.00671
0.964 1.00667
0.965 1.00664
0.966 1.0066
0.967 1.00657
0.968 1.00654
0.969 1.0065
0.97 1.00647
0.971 1.00643
0.972 1.0064
0.973 1.00636
0.974 1.00633
0.975 1.00629
0.976 1.00626
0.977 1.00623
0.978 1.00619
0.979 1.00616
0.98 1.00612
0.981 1.00609
0.982 1.00606
0.983 1.00602
0.984 1.00599
0.985 1.00596
0.986 1.00592
0.987 1.00589
0.988 1.00586
0.989 1.00582
0.99 1.00579
0.991 1.00576
0.992 1.00573
0.993 1.00569
0.994 1.00566
0.995 1.00563
0.996 1.0056
0.997 1.00556
0.998 1.00553
0.999 1.0055
1 1.00547
1.001 1.00543
1.002 1.0054
1.003 1.00537
1.004 1.00534
1.005 1.00531
1.006 1.00528
1.007 1.00525
1.008 1.00521
1.009 1.00518
1.01 1.00515
1.011 1.00512
1.012 1.00509
1.013 1.00506
1.014 1.00503
1.015 1.005
1.016 1.00497
1.017 1.00494
1.018 1.00491
1.019 1.00488
1.02 1.00485
1.021 1.00482
1.022 1.00479
1.023 1.00476
1.024 1.00473
1.025 1.0047
1.026 1.00467
1.027 1.00464
1.028 1.00461
1.029 1.00458
1.03 1.00455
1.031 1.00452
1.032 1.00449
1.033 1.00447
1.034 1.00444
1.035 1.00441
1.036 1.00438
1.037 1.00435
1.038 1.00432
1.039 1.0043
1.04 1.00427
1.041 1.00424
1.042 1.00421
1.043 1.00418
1.044 1.00416
1.045 1.00413
1.046 1.0041
1.047 1.00407
1.048 1.00405
1.049 1.00402
1.05 1.00399
1.051 1.00397
1.052 1.00394
1.053 1.00391
1.054 1.00389
1.055 1.00386
1.056 1.00384
1.057 1.00381
1.058 1.00378
1.059 1.00376
1.06 1.00373
1.061 1.00371
1.062 1.00368
1.063 1.00365
1.064 1.00363
1.065 1.0036
1.066 1.00358
1.067 1.00355
1.068 1.00353
1.069 1.0035
1.07 1.00348
1.071 1.00345
1.072 1.00343
1.073 1.00341
1.074 1.00338
1.075 1.00336
1.076 1.00333
1.077 1.00331
1.078 1.00329
1.079 1.00326
1.08 1.00324
1.081 1.00322
1.082 1.00319
1.083 1.00317
1.084 1.00315
1.085 1.00312
1.086 1.0031
1.087 1.00308
1.088 1.00305
1.089 1.00303
1.09 1.00301
1.091 1.00299
1.092 1.00296
1.093 1.00294
1.094 1.00292
1.095 1.0029
1.096 1.00288
1.097 1.00285
1.098 1.00283
1.099 1.00281
1.1 1.00279
1.101 1.00277
1.102 1.00275
1.103 1.00273
1.104 1.0027
1.105 1.00268
1.106 1.00266
1.107 1.00264
1.108 1.00262
1.109 1.0026
1.11 1.00258
1.111 1.00256
1.112 1.00254
1.113 1.00252
1.114 1.0025
1.115 1.00248
1.116 1.00246
1.117 1.00244
1.118 1.00242
1.119 1.0024
1.12 1.00238
1.121 1.00236
1.122 1.00234
1.123 1.00233
1.124 1.00231
1.125 1.00229
1.126 1.00227
1.127 1.00225
1.128 1.00223
1.129 1.00221
1.13 1.00219
1.131 1.00218
1.132 1.00216
1.133 1.00214
1.134 1.00212
1.135 1.0021
1.136 1.00209
1.137 1.00207
1.138 1.00205
1.139 1.00203
1.14 1.00202
1.141 1.002
1.142 1.00198
1.143 1.00197
1.144 1.00195
1.145 1.00193
1.146 1.00192
1.147 1.0019
1.148 1.00188
1.149 1.00187
1.15 1.00185
1.151 1.00183
1.152 1.00182
1.153 1.0018
1.154 1.00178
1.155 1.00177
1.156 1.00175
1.157 1.00174
1.158 1.00172
1.159 1.00171
1.16 1.00169
1.161 1.00168
1.162 1.00166
1.163 1.00164
1.164 1.00163
1.165 1.00161
1.166 1.0016
1.167 1.00159
1.168 1.00157
1.169 1.00156
1.17 1.00154
1.171 1.00153
1.172 1.00151
1.173 1.0015
1.174 1.00148
1.175 1.00147
1.176 1.00146
1.177 1.00144
1.178 1.00143
1.179 1.00141
1.18 1.0014
1.181 1.00139
1.182 1.00137
1.183 1.00136
1.184 1.00135
1.185 1.00133
1.186 1.00132
1.187 1.00131
1.188 1.0013
1.189 1.00128
1.19 1.00127
1.191 1.00126
1.192 1.00124
1.193 1.00123
1.194 1.00122
1.195 1.00121
1.196 1.00119
1.197 1.00118
1.198 1.00117
1.199 1.00116
1.2 1.00115
1.201 1.00113
1.202 1.00112
1.203 1.00111
1.204 1.0011
1.205 1.00109
1.206 1.00108
1.207 1.00106
1.208 1.00105
1.209 1.00104
1.21 1.00103
1.211 1.00102
1.212 1.00101
1.213 1.001
1.214 1.00099
1.215 1.00098
1.216 1.00097
1.217 1.00095
1.218 1.00094
1.219 1.00093
1.22 1.00092
1.221 1.00091
1.222 1.0009
1.223 1.00089
1.224 1.00088
1.225 1.00087
1.226 1.00086
1.227 1.00085
1.228 1.00084
1.229 1.00083
1.23 1.00082
1.231 1.00081
1.232 1.0008
1.233 1.00079
1.234 1.00078
1.235 1.00078
1.236 1.00077
1.237 1.00076
1.238 1.00075
1.239 1.00074
1.24 1.00073
1.241 1.00072
1.242 1.00071
1.243 1.0007
1.244 1.00069
1.245 1.00069
1.246 1.00068
1.247 1.00067
1.248 1.00066
1.249 1.00065
1.25 1.00064
1.251 1.00063
1.252 1.00063
1.253 1.00062
1.254 1.00061
1.255 1.0006
1.256 1.00059
1.257 1.00059
1.258 1.00058
1.259 1.00057
1.26 1.00056
1.261 1.00055
1.262 1.00055
1.263 1.00054
1.264 1.00053
1.265 1.00052
1.266 1.00052
1.267 1.00051
1.268 1.0005
1.269 1.0005
1.27 1.00049
1.271 1.00048
1.272 1.00047
1.273 1.00047
1.274 1.00046
1.275 1.00045
1.276 1.00045
1.277 1.00044
1.278 1.00043
1.279 1.00043
1.28 1.00042
1.281 1.00041
1.282 1.00041
1.283 1.0004
1.284 1.00039
1.285 1.00039
1.286 1.00038
1.287 1.00038
1.288 1.00037
1.289 1.00036
1.29 1.00036
1.291 1.00035
1.292 1.00034
1.293 1.00034
1.294 1.00033
1.295 1.00033
1.296 1.00032
1.297 1.00032
1.298 1.00031
1.299 1.0003
1.3 1.0003
1.301 1.00029
1.302 1.00029
1.303 1.00028
1.304 1.00028
1.305 1.00027
1.306 1.00027
1.307 1.00026
1.308 1.00026
1.309 1.00025
1.31 1.00025
1.311 1.00024
1.312 1.00024
1.313 1.00023
1.314 1.00023
1.315 1.00022
1.316 1.00022
1.317 1.00021
1.318 1.00021
1.319 1.0002
1.32 1.0002
1.321 1.00019
1.322 1.00019
1.323 1.00018
1.324 1.00018
1.325 1.00018
1.326 1.00017
1.327 1.00017
1.328 1.00016
1.329 1.00016
1.33 1.00015
1.331 1.00015
1.332 1.00015
1.333 1.00014
1.334 1.00014
1.335 1.00013
1.336 1.00013
1.337 1.00013
1.338 1.00012
1.339 1.00012
1.34 1.00011
1.341 1.00011
1.342 1.00011
1.343 1.0001
1.344 1.0001
1.345 1.00009
1.346 1.00009
1.347 1.00009
1.348 1.00008
1.349 1.00008
1.35 1.00008
1.351 1.00007
1.352 1.00007
1.353 1.00007
1.354 1.00006
1.355 1.00006
1.356 1.00006
1.357 1.00005
1.358 1.00005
1.359 1.00005
1.36 1.00004
1.361 1.00004
1.362 1.00004
1.363 1.00004
1.364 1.00003
1.365 1.00003
1.366 1.00003
1.367 1.00002
1.368 1.00002
1.369 1.00002
1.37 1.00002
1.371 1.00001
1.372 1.00001
1.373 1.00001
1.374 1
1.375 1
1.376 0.999999
1.377 0.999997
1.378 0.999994
1.379 0.999992
1.38 0.999989
1.381 0.999987
1.382 0.999984
1.383 0.999982
1.384 0.99998
1.385 0.999977
1.386 0.999975
1.387 0.999973
1.388 0.99997
1.389 0.999968
1.39 0.999966
1.391 0.999964
1.392 0.999962
1.393 0.99996
1.394 0.999957
1.395 0.999955
1.396 0.999953
1.397 0.999951
1.398 0.999949
1.399 0.999947
1.4 0.999945
1.401 0.999943
1.402 0.999942
1.403 0.99994
1.404 0.999938
1.405 0.999936
1.406 0.999934
1.407 0.999932
1.408 0.999931
1.409 0.999929
1.41 0.999927
1.411 0.999926
1.412 0.999924
1.413 0.999922
1.414 0.999921
1.415 0.999919
1.416 0.999918
1.417 0.999916
1.418 0.999914
1.419 0.999913
1.42 0.999912
1.421 0.99991
1.422 0.999909
1.423 0.999907
1.424 0.999906
1.425 0.999904
1.426 0.999903
1.427 0.999902
1.428 0.9999
1.429 0.999899
1.43 0.999898
1.431 0.999897
1.432 0.999895
1.433 0.999894
1.434 0.999893
1.435 0.999892
1.436 0.999891
1.437 0.999889
1.438 0.999888
1.439 0.999887
1.44 0.999886
1.441 0.999885
1.442 0.999884
1.443 0.999883
1.444 0.999882
1.445 0.999881
1.446 0.99988
1.447 0.999879
1.448 0.999878
1.449 0.999877
1.45 0.999876
1.451 0.999875
1.452 0.999875
1.453 0.999874
1.454 0.999873
1.455 0.999872
1.456 0.999871
1.457 0.99987
1.458 0.99987
1.459 0.999869
1.46 0.999868
1.461 0.999867
1.462 0.999867
1.463 0.999866
1.464 0.999865
1.465 0.999865
1.466 0.999864
1.467 0.999863
1.468 0.999863
1.469 0.999862
1.47 0.999861
1.471 0.999861
1.472 0.99986
1.473 0.99986
1.474 0.999859
1.475 0.999859
1.476 0.999858
1.477 0.999857
1.478 0.999857
1.479 0.999857
1.48 0.999856
1.481 0.999856
1.482 0.999855
1.483 0.999855
1.484 0.999854
1.485 0.999854
1.486 0.999853
1.487 0.999853
1.488 0.999853
1.489 0.999852
1.49 0.999852
1.491 0.999852
1.492 0.999851
1.493 0.999851
1.494 0.999851
1.495 0.99985
1.496 0.99985
1.497 0.99985
1.498 0.99985
1.499 0.999849
1.5 0.999849
1.501 0.999849
1.502 0.999849
1.503 0.999848
1.504 0.999848
1.505 0.999848
1.506 0.999848
1.507 0.999848
1.508 0.999847
1.509 0.999847
1.51 0.999847
1.511 0.999847
1.512 0.999847
1.513 0.999847
1.514 0.999847
1.515 0.999847
1.516 0.999846
1.517 0.999846
1.518 0.999846
1.519 0.999846
1.52 0.999846
1.521 0.999846
1.522 0.999846
1.523 0.999846
1.524 0.999846
1.525 0.999846
1.526 0.999846
1.527 0.999846
1.528 0.999846
1.529 0.999846
1.53 0.999846
1.531 0.999846
1.532 0.999846
1.533 0.999846
1.534 0.999846
1.535 0.999846
1.536 0.999846
1.537 0.999846
1.538 0.999846
1.539 0.999847
1.54 0.999847
1.541 0.999847
1.542 0.999847
1.543 0.999847
1.544 0.999847
1.545 0.999847
1.546 0.999847
1.547 0.999847
1.548 0.999848
1.549 0.999848
1.55 0.999848
1.551 0.999848
1.552 0.999848
1.553 0.999848
1.554 0.999849
1.555 0.999849
1.556 0.999849
1.557 0.999849
1.558 0.999849
1.559 0.99985
1.56 0.99985
1.561 0.99985
1.562 0.99985
1.563 0.99985
1.564 0.999851
1.565 0.999851
1.566 0.999851
1.567 0.999851
1.568 0.999852
1.569 0.999852
1.57 0.999852
1.571 0.999852
1.572 0.999853
1.573 0.999853
1.574 0.999853
1.575 0.999853
1.576 0.999854
1.577 0.999854
1.578 0.999854
1.579 0.999855
1.58 0.999855
1.581 0.999855
1.582 0.999856
1.583 0.999856
1.584 0.999856
1.585 0.999856
1.586 0.999857
1.587 0.999857
1.588 0.999857
1.589 0.999858
1.59 0.999858
1.591 0.999858
1.592 0.999859
1.593 0.999859
1.594 0.999859
1.595 0.99986
1.596 0.99986
1.597 0.999861
1.598 0.999861
1.599 0.999861
1.6 0.999862
1.601 0.999862
1.602 0.999862
1.603 0.999863
1.604 0.999863
1.605 0.999863
1.606 0.999864
1.607 0.999864
1.608 0.999865
1.609 0.999865
1.61 0.999865
1.611 0.999866
1.612 0.999866
1.613 0.999867
1.614 0.999867
1.615 0.999867
1.616 0.999868
1.617 0.999868
1.618 0.999869
1.619 0.999869
1.62 0.999869
1.621 0.99987
1.622 0.99987
1.623 0.999871
1.624 0.999871
1.625 0.999871
1.626 0.999872
1.627 0.999872
1.628 0.999873
1.629 0.999873
1.63 0.999874
1.631 0.999874
1.632 0.999874
1.633 0.999875
1.634 0.999875
1.635 0.999876
1.636 0.999876
1.637 0.999877
1.638 0.999877
1.639 0.999877
1.64 0.999878
1.641 0.999878
1.642 0.999879
1.643 0.999879
1.644 0.99988
1.645 0.99988
1.646 0.999881
1.647 0.999881
1.648 0.999881
1.649 0.999882
1.65 0.999882
1.651 0.999883
1.652 0.999883
1.653 0.999884
1.654 0.999884
1.655 0.999885
1.656 0.999885
1.657 0.999885
1.658 0.999886
1.659 0.999886
1.66 0.999887
1.661 0.999887
1.662 0.999888
1.663 0.999888
1.664 0.999889
1.665 0.999889
1.666 0.99989
1.667 0.99989
1.668 0.99989
1.669 0.999891
1.67 0.999891
1.671 0.999892
1.672 0.999892
1.673 0.999893
1.674 0.999893
1.675 0.999894
1.676 0.999894
1.677 0.999895
1.678 0.999895
1.679 0.999895
1.68 0.999896
1.681 0.999896
1.682 0.999897
1.683 0.999897
1.684 0.999898
1.685 0.999898
1.686 0.999899
1.687 0.999899
1.688 0.9999
1.689 0.9999
1.69 0.9999
1.691 0.999901
1.692 0.999901
1.693 0.999902
1.694 0.999902
1.695 0.999903
1.696 0.999903
1.697 0.999904
1.698 0.999904
1.699 0.999905
1.7 0.999905
1.701 0.999905
1.702 0.999906
1.703 0.999906
1.704 0.999907
1.705 0.999907
1.706 0.999908
1.707 0.999908
1.708 0.999909
1.709 0.999909
1.71 0.99991
1.711 0.99991
1.712 0.99991
1.713 0.999911
1.714 0.999911
1.715 0.999912
1.716 0.999912
1.717 0.999913
1.718 0.999913
1.719 0.999914
1.72 0.999914
1.721 0.999914
1.722 0.999915
1.723 0.999915
1.724 0.999916
1.725 0.999916
1.726 0.999917
1.727 0.999917
1.728 0.999917
1.729 0.999918
1.73 0.999918
1.731 0.999919
1.732 0.999919
1.733 0.99992
1.734 0.99992
1.735 0.99992
1.736 0.999921
1.737 0.999921
1.738 0.999922
1.739 0.999922
1.74 0.999923
1.741 0.999923
1.742 0.999923
1.743 0.999924
1.744 0.999924
1.745 0.999925
1.746 0.999925
1.747 0.999926
1.748 0.999926
1.749 0.999926
1.75 0.999927
1.751 0.999927
1.752 0.999928
1.753 0.999928
1.754 0.999928
1.755 0.999929
1.756 0.999929
1.757 0.99993
1.758 0.99993
1.759 0.99993
1.76 0.999931
1.761 0.999931
1.762 0.999932
1.763 0.999932
1.764 0.999932
1.765 0.999933
1.766 0.999933
1.767 0.999934
1.768 0.999934
1.769 0.999934
1.77 0.999935
1.771 0.999935
1.772 0.999936
1.773 0.999936
1.774 0.999936
1.775 0.999937
1.776 0.999937
1.777 0.999937
1.778 0.999938
1.779 0.999938
1.78 0.999939
1.781 0.999939
1.782 0.999939
1.783 0.99994
1.784 0.99994
1.785 0.99994
1.786 0.999941
1.787 0.999941
1.788 0.999942
1.789 0.999942
1.79 0.999942
1.791 0.999943
1.792 0.999943
1.793 0.999943
1.794 0.999944
1.795 0.999944
1.796 0.999944
1.797 0.999945
1.798 0.999945
1.799 0.999946
1.8 0.999946
1.801 0.999946
1.802 0.999947
1.803 0.999947
1.804 0.999947
1.805 0.999948
1.806 0.999948
1.807 0.999948
1.808 0.999949
1.809 0.999949
1.81 0.999949
1.811 0.99995
1.812 0.99995
1.813 0.99995
1.814 0.999951
1.815 0.999951
1.816 0.999951
1.817 0.999952
1.818 0.999952
1.819 0.999952
1.82 0.999953
1.821 0.999953
1.822 0.999953
1.823 0.999954
1.824 0.999954
1.825 0.999954
1.826 0.999955
1.827 0.999955
1.828 0.999955
1.829 0.999955
1.83 0.999956
1.831 0.999956
1.832 0.999956
1.833 0.999957
1.834 0.999957
1.835 0.999957
1.836 0.999958
1.837 0.999958
1.838 0.999958
1.839 0.999959
1.84 0.999959
1.841 0.999959
1.842 0.999959
1.843 0.99996
1.844 0.99996
1.845 0.99996
1.846 0.999961
1.847 0.999961
1.848 0.999961
1.849 0.999961
1.85 0.999962
1.851 0.999962
1.852 0.999962
1.853 0.999963
1.854 0.999963
1.855 0.999963
1.856 0.999963
1.857 0.999964
1.858 0.999964
1.859 0.999964
1.86 0.999964
1.861 0.999965
1.862 0.999965
1.863 0.999965
1.864 0.999966
1.865 0.999966
1.866 0.999966
1.867 0.999966
1.868 0.999967
1.869 0.999967
1.87 0.999967
1.871 0.999967
1.872 0.999968
1.873 0.999968
1.874 0.999968
1.875 0.999968
1.876 0.999969
1.877 0.999969
1.878 0.999969
1.879 0.999969
1.88 0.99997
1.881 0.99997
1.882 0.99997
1.883 0.99997
1.884 0.999971
1.885 0.999971
1.886 0.999971
1.887 0.999971
1.888 0.999972
1.889 0.999972
1.89 0.999972
1.891 0.999972
1.892 0.999972
1.893 0.999973
1.894 0.999973
1.895 0.999973
1.896 0.999973
1.897 0.999974
1.898 0.999974
1.899 0.999974
1.9 0.999974
1.901 0.999974
1.902 0.999975
1.903 0.999975
1.904 0.999975
1.905 0.999975
1.906 0.999976
1.907 0.999976
1.908 0.999976
1.909 0.999976
1.91 0.999976
1.911 0.999977
1.912 0.999977
1.913 0.999977
1.914 0.999977
1.915 0.999977
1.916 0.999978
1.917 0.999978
1.918 0.999978
1.919 0.999978
1.92 0.999978
1.921 0.999979
1.922 0.999979
1.923 0.999979
1.924 0.999979
1.925 0.999979
1.926 0.99998
1.927 0.99998
1.928 0.99998
1.929 0.99998
1.93 0.99998
1.931 0.99998
1.932 0.999981
1.933 0.999981
1.934 0.999981
1.935 0.999981
1.936 0.999981
1.937 0.999982
1.938 0.999982
1.939 0.999982
1.94 0.999982
1.941 0.999982
1.942 0.999982
1.943 0.999983
1.944 0.999983
1.945 0.999983
1.946 0.999983
1.947 0.999983
1.948 0.999983
1.949 0.999984
1.95 0.999984
1.951 0.999984
1.952 0.999984
1.953 0.999984
1.954 0.999984
1.955 0.999985
1.956 0.999985
1.957 0.999985
1.958 0.999985
1.959 0.999985
1.96 0.999985
1.961 0.999985
1.962 0.999986
1.963 0.999986
1.964 0.999986
1.965 0.999986
1.966 0.999986
1.967 0.999986
1.968 0.999986
1.969 0.999987
1.97 0.999987
1.971 0.999987
1.972 0.999987
1.973 0.999987
1.974 0.999987
1.975 0.999987
1.976 0.999988
1.977 0.999988
1.978 0.999988
1.979 0.999988
1.98 0.999988
1.981 0.999988
1.982 0.999988
1.983 0.999989
1.984 0.999989
1.985 0.999989
1.986 0.999989
1.987 0.999989
1.988 0.999989
1.989 0.999989
1.99 0.999989
1.991 0.99999
1.992 0.99999
1.993 0.99999
1.994 0.99999
1.995 0.99999
1.996 0.99999
1.997 0.99999
1.998 0.99999
1.999 0.99999
2 0.999991
2.001 0.999991
2.002 0.999991
2.003 0.999991
2.004 0.999991
2.005 0.999991
2.006 0.999991
2.007 0.999991
2.008 0.999991
2.009 0.999992
2.01 0.999992
2.011 0.999992
2.012 0.999992
2.013 0.999992
2.014 0.999992
2.015 0.999992
2.016 0.999992
2.017 0.999992
2.018 0.999992
2.019 0.999993
2.02 0.999993
2.021 0.999993
2.022 0.999993
2.023 0.999993
2.024 0.999993
2.025 0.999993
2.026 0.999993
2.027 0.999993
2.028 0.999993
2.029 0.999994
2.03 0.999994
2.031 0.999994
2.032 0.999994
2.033 0.999994
2.034 0.999994
2.035 0.999994
2.036 0.999994
2.037 0.999994
2.038 0.999994
2.039 0.999994
2.04 0.999995
2.041 0.999995
2.042 0.999995
2.043 0.999995
2.044 0.999995
2.045 0.999995
2.046 0.999995
2.047 0.999995
2.048 0.999995
2.049 0.999995
2.05 0.999995
2.051 0.999995
2.052 0.999995
2.053 0.999996
2.054 0.999996
2.055 0.999996
2.056 0.999996
2.057 0.999996
2.058 0.999996
2.059 0.999996
2.06 0.999996
2.061 0.999996
2.062 0.999996
2.063 0.999996
2.064 0.999996
2.065 0.999996
2.066 0.999996
2.067 0.999997
2.068 0.999997
2.069 0.999997
2.07 0.999997
2.071 0.999997
2.072 0.999997
2.073 0.999997
2.074 0.999997
2.075 0.999997
2.076 0.999997
2.077 0.999997
2.078 0.999997
2.079 0.999997
2.08 0.999997
2.081 0.999997
2.082 0.999997
2.083 0.999998
2.084 0.999998
2.085 0.999998
2.086 0.999998
2.087 0.999998
2.088 0.999998
2.089 0.999998
2.09 0.999998
2.091 0.999998
2.092 0.999998
2.093 0.999998
2.094 0.999998
2.095 0.999998
2.096 0.999998
2.097 0.999998
2.098 0.999998
2.099 0.999998
2.1 0.999998
2.101 0.999998
2.102 0.999999
2.103 0.999999
2.104 0.999999
2.105 0.999999
2.106 0.999999
2.107 0.999999
2.108 0.999999
2.109 0.999999
2.11 0.999999
2.111 0.999999
2.112 0.999999
2.113 0.999999
2.114 0.999999
2.115 0.999999
2.116 0.999999
2.117 0.999999
2.118 0.999999
2.119 0.999999
2.12 0.999999
2.121 0.999999
2.122 0.999999
2.123 0.999999
2.124 0.999999
2.125 1
2.126 1
2.127 1
2.128 1
2.129 1
2.13 1
2.131 1
2.132 1
2.133 1
2.134 1
2.135 1
2.136 1
2.137 1
2.138 1
2.139 1
2.14 1
2.141 1
2.142 1
2.143 1
2.144 1
2.145 1
2.146 1
2.147 1
2.148 1
2.149 1
2.15 1
2.151 1
2.152 1
2.153 1
2.154 1
2.155 1
2.156 1
2.157 1
2.158 1
2.159 1
2.16 1
2.161 1
2.162 1
2.163 1
2.164 1
2.165 1
2.166 1
2.167 1
2.168 1
2.169 1
2.17 1
2.171 1
2.172 1
2.173 1
2.174 1
2.175 1
2.176 1
2.177 1
2.178 1
2.179 1
2.18 1
2.181 1
2.182 1
2.183 1
2.184 1
2.185 1
2.186 1
2.187 1
2.188 1
2.189 1
2.19 1
2.191 1
2.192 1
2.193 1
2.194 1
2.195 1
2.196 1
2.197 1
2.198 1
2.199 1
2.2 1
2.201 1
2.202 1
2.203 1
2.204 1
2.205 1
2.206 1
2.207 1
2.208 1
2.209 1
2.21 1
2.211 1
2.212 1
2.213 1
2.214 1
2.215 1
2.216 1
2.217 1
2.218 1
2.219 1
2.22 1
2.221 1
2.222 1
2.223 1
2.224 1
2.225 1
2.226 1
2.227 1
2.228 1
2.229 1
2.23 1
2.231 1
2.232 1
2.233 1
2.234 1
2.235 1
2.236 1
2.237 1
2.238 1
2.239 1
2.24 1
2.241 1
2.242 1
2.243 1
2.244 1
2.245 1
2.246 1
2.247 1
2.248 1
2.249 1
2.25 1
2.251 1
2.252 1
2.253 1
2.254 1
2.255 1
2.256 1
2.257 1
2.258 1
2.259 1
2.26 1
2.261 1
2.262 1
2.263 1
2.264 1
2.265 1
2.266 1
2.267 1
2.268 1
2.269 1
2.27 1
2.271 1
2.272 1
2.273 1
2.274 1
2.275 1
2.276 1
2.277 1
2.278 1
2.279 1
2.28 1
2.281 1
2.282 1
2.283 1
2.284 1
2.285 1
2.286 1
2.287 1
2.288 1
2.289 1
2.29 1
2.291 1
2.292 1
2.293 1
2.294 1
2.295 1
2.296 1
2.297 1
2.298 1
2.299 1
2.3 1
2.301 1
2.302 1
2.303 1
2.304 1
2.305 1
2.306 1
2.307 1
2.308 1
2.309 1
2.31 1
2.311 1
2.312 1
2.313 1
2.314 1
2.315 1
2.316 1
2.317 1
2.318 1
2.319 1
2.32 1
2.321 1
2.322 1
2.323 1
2.324 1
2.325 1
2.326 1
2.327 1
2.328 1
2.329 1
2.33 1
2.331 1
2.332 1
2.333 1
2.334 1
2.335 1
2.336 1
2.337 1
2.338 1
2.339 1
2.34 1
2.341 1
2.342 1
2.343 1
2.344 1
2.345 1
2.346 1
2.347 1
2.348 1
2.349 1
2.35 1
2.351 1
2.352 1
2.353 1
2.354 1
2.355 1
2.356 1
2.357 1
2.358 1
2.359 1
2.36 1
2.361 1
2.362 1
2.363 1
2.364 1
2.365 1
2.366 1
2.367 1
2.368 1
2.369 1
2.37 1
2.371 1
2.372 1
2.373 1
2.374 1
2.375 1
2.376 1
2.377 1
2.378 1
2.379 1
2.38 1
2.381 1
2.382 1
2.383 1
2.384 1
2.385 1
2.386 1
2.387 1
2.388 1
2.389 1
2.39 1
2.391 1
2.392 1
2.393 1
2.394 1
2.395 1
2.396 1
2.397 1
2.398 1
2.399 1
2.4 1
2.401 1
2.402 1
2.403 1
2.404 1
2.405 1
2.406 1
2.407 1
2.408 1
2.409 1
2.41 1
2.411 1
2.412 1
2.413 1
2.414 1
2.415 1
2.416 1
2.417 1
2.418 1
2.419 1
2.42 1
2.421 1
2.422 1
2.423 1
2.424 1
2.425 1
2.426 1
2.427 1
2.428 1
2.429 1
2.43 1
2.431 1
2.432 1
2.433 1
2.434 1
2.435 1
2.436 1
2.437 1
2.438 1
2.439 1
2.44 1
2.441 1
2.442 1
2.443 1
2.444 1
2.445 1
2.446 1
2.447 1
2.448 1
2.449 1
2.45 1
2.451 1
2.452 1
2.453 1
2.454 1
2.455 1
2.456 1
2.457 1
2.458 1
2.459 1
2.46 1
2.461 1
2.462 1
2.463 1
2.464 1
2.465 1
2.466 1
2.467 1
2.468 1
2.469 1
2.47 1
2.471 1
2.472 1
2.473 1
2.474 1
2.475 1
2.476 1
2.477 1
2.478 1
2.479 1
2.48 1
2.481 1
2.482 1
2.483 1
2.484 1
2.485 1
2.486 1
2.487 1
2.488 1
2.489 1
2.49 1
2.491 1
2.492 1
2.493 1
2.494 1
2.495 1
2.496 1
2.497 1
2.498 1
2.499 1
2.5 1
2.501 1
2.502 1
2.503 1
2.504 1
2.505 1
2.506 1
2.507 1
2.508 1
2.509 1
2.51 1
2.511 1
2.512 1
2.513 1
2.514 1
2.515 1
2.516 1
2.517 1
2.518 1
2.519 1
2.52 1
2.521 1
2.522 1
2.523 1
2.524 1
2.525 1
2.526 1
2.527 1
2.528 1
2.529 1
2.53 1
2.531 1
2.532 1
2.533 1
2.534 1
2.535 1
2.536 1
2.537 1
2.538 1
2.539 1
2.54 1
2.541 1
2.542 1
2.543 1
2.544 1
2.545 1
2.546 1
2.547 1
2.548 1
2.549 1
2.55 1
2.551 1
2.552 1
2.553 1
2.554 1
2.555 1
2.556 1
2.557 1
2.558 1
2.559 1
2.56 1
2.561 1
2.562 1
2.563 1
2.564 1
2.565 1
2.566 1
2.567 1
2.568 1
2.569 1
2.57 1
2.571 1
2.572 1
2.573 1
2.574 1
2.575 1
2.576 1
2.577 1
2.578 1
2.579 1
2.58 1
2.581 1
2.582 1
2.583 1
2.584 1
2.585 1
2.586 1
2.587 1
2.588 1
2.589 1
2.59 1
2.591 1
2.592 1
2.593 1
2.594 1
2.595 1
2.596 1
2.597 1
2.598 1
2.599 1
2.6 1
2.601 1
2.602 1
2.603 1
2.604 1
2.605 1
2.606 1
2.607 1
2.608 1
2.609 1
2.61 1
2.611 1
2.612 1
2.613 1
2.614 1
2.615 1
2.616 1
2.617 1
2.618 1
2.619 1
2.62 1
2.621 1
2.622 1
2.623 1
2.624 1
2.625 1
2.626 1
2.627 1
2.628 1
2.629 1
2.63 1
2.631 1
2.632 1
2.633 1
2.634 1
2.635 1
2.636 1
2.637 1
2.638 1
2.639 1
2.64 1
2.641 1
2.642 1
2.643 1
2.644 1
2.645 1
2.646 1
2.647 1
2.648 1
2.649 1
2.65 1
2.651 1
2.652 1
2.653 1
2.654 1
2.655 1
2.656 1
2.657 1
2.658 1
2.659 1
2.66 1
2.661 1
2.662 1
2.663 1
2.664 1
2.665 1
2.666 1
2.667 1
2.668 1
2.669 1
2.67 1
2.671 1
2.672 1
2.673 1
2.674 1
2.675 1
2.676 1
2.677 1
2.678 1
2.679 1
2.68 1
2.681 1
2.682 1
2.683 1
2.684 1
2.685 1
2.686 1
2.687 1
2.688 1
2.689 1
2.69 1
2.691 1
2.692 1
2.693 1
2.694 1
2.695 1
2.696 1
2.697 1
2.698 1
2.699 1
2.7 1
2.701 1
2.702 1
2.703 1
2.704 1
2.705 1
2.706 1
2.707 1
2.708 1
2.709 1
2.71 1
2.711 1
2.712 1
2.713 1
2.714 1
2.715 1
2.716 1
2.717 1
2.718 1
2.719 1
2.72 1
2.721 1
2.722 1
2.723 1
2.724 1
2.725 1
2.726 1
2.727 1
2.728 1
2.729 1
2.73 1
2.731 1
2.732 1
2.733 1
2.734 1
2.735 1
2.736 1
2.737 1
2.738 1
2.739 1
2.74 1
2.741 1
2.742 1
2.743 1
2.744 1
2.745 1
2.746 1
2.747 1
2.748 1
2.749 1
2.75 1
2.751 1
2.752 1
2.753 1
2.754 1
2.755 1
2.756 1
2.757 1
2.758 1
2.759 1
2.76 1
2.761 1
2.762 1
2.763 1
2.764 1
2.765 1
2.766 1
2.767 1
2.768 1
2.769 1
2.77 1
2.771 1
2.772 1
2.773 1
2.774 1
2.775 1
2.776 1
2.777 1
2.778 1
2.779 1
2.78 1
2.781 1
2.782 1
2.783 1
2.784 1
2.785 1
2.786 1
2.787 1
2.788 1
2.789 1
2.79 1
2.791 1
2.792 1
2.793 1
2.794 1
2.795 1
2.796 1
2.797 1
2.798 1
2.799 1
2.8 1
2.801 1
2.802 1
2.803 1
2.804 1
2.805 1
2.806 1
2.807 1
2.808 1
2.809 1
2.81 1
2.811 1
2.812 1
2.813 1
2.814 1
2.815 1
2.816 1
2.817 1
2.818 1
2.819 1
2.82 1
2.821 1
2.822 1
2.823 1
2.824 1
2.825 1
2.826 1
2.827 1
2.828 1
2.829 1
2.83 1
2.831 1
2.832 1
2.833 1
2.834 1
2.835 1
2.836 1
2.837 1
2.838 1
2.839 1
2.84 1
2.841 1
2.842 1
2.843 1
2.844 1
2.845 1
2.846 1
2.847 1
2.848 1
2.849 1
2.85 1
2.851 1
2.852 1
2.853 1
2.854 1
2.855 1
2.856 1
2.857 1
2.858 1
2.859 1
2.86 1
2.861 1
2.862 1
2.863 1
2.864 1
2.865 1
2.866 1
2.867 1
2.868 1
2.869 1
2.87 1
2.871 1
2.872 1
2.873 1
2.874 1
2.875 1
2.876 1
2.877 1
2.878 1
2.879 1
2.88 1
2.881 1
2.882 1
2.883 1
2.884 1
2.885 1
2.886 1
2.887 1
2.888 1
2.889 1
2.89 1
2.891 1
2.892 1
2.893 1
2.894 1
2.895 1
2.896 1
2.897 1
2.898 1
2.899 1
2.9 1
2.901 1
2.902 1
2.903 1
2.904 1
2.905 1
2.906 1
2.907 1
2.908 1
2.909 1
2.91 1
2.911 1
2.912 1
2.913 1
2.914 1
2.915 1
2.916 1
2.917 1
2.918 1
2.919 1
2.92 1
2.921 1
2.922 1
2.923 1
2.924 1
2.925 1
2.926 1
2.927 1
2.928 1
2.929 1
2.93 1
2.931 1
2.932 1
2.933 1
2.934 1
2.935 1
2.936 1
2.937 1
2.938 1
2.939 1
2.94 1
2.941 1
2.942 1
2.943 1
2.944 1
2.945 1
2.946 1
2.947 1
2.948 1
2.949 1
2.95 1
2.951 1
2.952 1
2.953 1
2.954 1
2.955 1
2.956 1
2.957 1
2.958 1
2.959 1
2.96 1
2.961 1
2.962 1
2.963 1
2.964 1
2.965 1
2.966 1
2.967 1
2.968 1
2.969 1
2.97 1
2.971 1
2.972 1
2.973 1
2.974 1
2.975 1
2.976 1
2.977 1
2.978 1
2.979 1
2.98 1
2.981 1
2.982 1
2.983 1
2.984 1
2.985 1
2.986 1
2.987 1
2.988 1
2.989 1
2.99 1
2.991 1
2.992 1
2.993 1
2.994 1
2.995 1
2.996 1
2.997 1
2.998 1
2.999 1
3 1
3.001 1
3.002 1
3.003 1
3.004 1
3.005 1
3.006 1
3.007 1
3.008 1
3.009 1
3.01 1
3.011 1
3.012 1
3.013 1
3.014 1
3.015 1
3.016 1
3.017 1
3.018 1
3.019 1
3.02 1
3.021 1
3.022 1
3.023 1
3.024 1
3.025 1
3.026 1
3.027 1
3.028 1
3.029 1
3.03 1
3.031 1
3.032 1
3.033 1
3.034 1
3.035 1
3.036 1
3.037 1
3.038 1
3.039 1
3.04 1
3.041 1
3.042 1
3.043 1
3.044 1
3.045 1
3.046 1
3.047 1
3.048 1
3.049 1
3.05 1
3.051 1
3.052 1
3.053 1
3.054 1
3.055 1
3.056 1
3.057 1
3.058 1
3.059 1
3.06 1
3.061 1
3.062 1
3.063 1
3.064 1
3.065 1
3.066 1
3.067 1
3.068 1
3.069 1
3.07 1
3.071 1
3.072 1
3.073 1
3.074 1
3.075 1
3.076 1
3.077 1
3.078 1
3.079 1
3.08 1
3.081 1
3.082 1
3.083 1
3.084 1
3.085 1
3.086 1
3.087 1
3.088 1
3.089 1
3.09 1
3.091 1
3.092 1
3.093 1
3.094 1
3.095 1
3.096 1
3.097 1
3.098 1
3.099 1
3.1 1
3.101 1
3.102 1
3.103 1
3.104 1
3.105 1
3.106 1
3.107 1
3.108 1
3.109 1
3.11 1
3.111 1
3.112 1
3.113 1
3.114 1
3.115 1
3.116 1
3.117 1
3.118 1
3.119 1
3.12 1
3.121 1
3.122 1
3.123 1
3.124 1
3.125 1
3.126 1
3.127 1
3.128 1
3.129 1
3.13 1
3.131 1
3.132 1
3.133 1
3.134 1
3.135 1
3.136 1
3.137 1
3.138 1
3.139 1
3.14 1
3.141 1
3.142 1
3.143 1
3.144 1
3.145 1
3.146 1
3.147 1
3.148 1
3.149 1
3.15 1
3.151 1
3.152 1
3.153 1
3.154 1
3.155 1
3.156 1
3.157 1
3.158 1
3.159 1
3.16 1
3.161 1
3.162 1
3.163 1
3.164 1
3.165 1
3.166 1
3.167 1
3.168 1
3.169 1
3.17 1
3.171 1
3.172 1
3.173 1
3.174 1
3.175 1
3.176 1
3.177 1
3.178 1
3.179 1
3.18 1
3.181 1
3.182 1
3.183 1
3.184 1
3.185 1
3.186 1
3.187 1
3.188 1
3.189 1
3.19 1
3.191 1
3.192 1
3.193 1
3.194 1
3.195 1
3.196 1
3.197 1
3.198 1
3.199 1
3.2 1
3.201 1
3.202 1
3.203 1
3.204 1
3.205 1
3.206 1
3.207 1
3.208 1
3.209 1
3.21 1
3.211 1
3.212 1
3.213 1
3.214 1
3.215 1
3.216 1
3.217 1
3.218 1
3.219 1
3.22 1
3.221 1
3.222 1
3.223 1
3.224 1
3.225 1
3.226 1
3.227 1
3.228 1
3.229 1
3.23 1
3.231 1
3.232 1
3.233 1
3.234 1
3.235 1
3.236 1
3.237 1
3.238 1
3.239 1
3.24 1
3.241 1
3.242 1
3.243 1
3.244 1
3.245 1
3.246 1
3.247 1
3.248 1
3.249 1
3.25 1
3.251 1
3.252 1
3.253 1
3.254 1
3.255 1
3.256 1
3.257 1
3.258 1
3.259 1
3.26 1
3.261 1
3.262 1
3.263 1
3.264 1
3.265 1
3.266 1
3.267 1
3.268 1
3.269 1
3.27 1
3.271 1
3.272 1
3.273 1
3.274 1
3.275 1
3.276 1
3.277 1
3.278 1
3.279 1
3.28 1
3.281 1
3.282 1
3.283 1
3.284 1
3.285 1
3.286 1
3.287 1
3.288 1
3.289 1
3.29 1
3.291 1
3.292 1
3.293 1
3.294 1
3.295 1
3.296 1
3.297 1
3.298 1
3.299 1
3.3 1
3.301 1
3.302 1
3.303 1
3.304 1
3.305 1
3.306 1
3.307 1
3.308 1
3.309 1
3.31 1
3.311 1
3.312 1
3.313 1
3.314 1
3.315 1
3.316 1
3.317 1
3.318 1
3.319 1
3.32 1
3.321 1
3.322 1
3.323 1
3.324 1
3.325 1
3.326 1
3.327 1
3.328 1
3.329 1
3.33 1
3.331 1
3.332 1
3.333 1
3.334 1
3.335 1
3.336 1
3.337 1
3.338 1
3.339 1
3.34 1
3.341 1
3.342 1
3.343 1
3.344 1
3.345 1
3.346 1
3.347 1
3.348 1
3.349 1
3.35 1
3.351 1
3.352 1
3.353 1
3.354 1
3.355 1
3.356 1
3.357 1
3.358 1
3.359 1
3.36 1
3.361 1
3.362 1
3.363 1
3.364 1
3.365 1
3.366 1
3.367 1
3.368 1
3.369 1
3.37 1
3.371 1
3.372 1
3.373 1
3.374 1
3.375 1
3.376 1
3.377 1
3.378 1
3.379 1
3.38 1
3.381 1
3.382 1
3.383 1
3.384 1
3.385 1
3.386 1
3.387 1
3.388 1
3.389 1
3.39 1
3.391 1
3.392 1
3.393 1
3.394 1
3.395 1
3.396 1
3.397 1
3.398 1
3.399 1
3.4 1
3.401 1
3.402 1
3.403 1
3.404 1
3.405 1
3.406 1
3.407 1
3.408 1
3.409 1
3.41 1
3.411 1
3.412 1
3.413 1
3.414 1
3.415 1
3.416 1
3.417 1
3.418 1
3.419 1
3.42 1
3.421 1
3.422 1
3.423 1
3.424 1
3.425 1
3.426 1
3.427 1
3.428 1
3.429 1
3.43 1
3.431 1
3.432 1
3.433 1
3.434 1
3.435 1
3.436 1
3.437 1
3.438 1
3.439 1
3.44 1
3.441 1
3.442 1
3.443 1
3.444 1
3.445 1
3.446 1
3.447 1
3.448 1
3.449 1
3.45 1
3.451 1
3.452 1
3.453 1
3.454 1
3.455 1
3.456 1
3.457 1
3.458 1
3.459 1
3.46 1
3.461 1
3.462 1
3.463 1
3.464 1
3.465 1
3.466 1
3.467 1
3.468 1
3.469 1
3.47 1
3.471 1
3.472 1
3.473 1
3.474 1
3.475 1
3.476 1
3.477 1
3.478 1
3.479 1
3.48 1
3.481 1
3.482 1
3.483 1
3.484 1
3.485 1
3.486 1
3.487 1
3.488 1
3.489 1
3.49 1
3.491 1
3.492 1
3.493 1
3.494 1
3.495 1
3.496 1
3.497 1
3.498 1
3.499 1
3.5 1
3.501 1
3.502 1
3.503 1
3.504 1
3.505 1
3.506 1
3.507 1
3.508 1
3.509 1
3.51 1
3.511 1
3.512 1
3.513 1
3.514 1
3.515 1
3.516 1
3.517 1
3.518 1
3.519 1
3.52 1
3.521 1
3.522 1
3.523 1
3.524 1
3.525 1
3.526 1
3.527 1
3.528 1
3.529 1
3.53 1
3.531 1
3.532 1
3.533 1
3.534 1
3.535 1
3.536 1
3.537 1
3.538 1
3.539 1
3.54 1
3.541 1
3.542 1
3.543 1
3.544 1
3.545 1
3.546 1
3.547 1
3.548 1
3.549 1
3.55 1
3.551 1
3.552 1
3.553 1
3.554 1
3.555 1
3.556 1
3.557 1
3.558 1
3.559 1
3.56 1
3.561 1
3.562 1
3.563 1
3.564 1
3.565 1
3.566 1
3.567 1
3.568 1
3.569 1
3.57 1
3.571 1
3.572 1
3.573 1
3.574 1
3.575 1
3.576 1
3.577 1
3.578 1
3.579 1
3.58 1
3.581 1
3.582 1
3.583 1
3.584 1
3.585 1
3.586 1
3.587 1
3.588 1
3.589 1
3.59 1
3.591 1
3.592 1
3.593 1
3.594 1
3.595 1
3.596 1
3.597 1
3.598 1
3.599 1
3.6 1
3.601 1
3.602 1
3.603 1
3.604 1
3.605 1
3.606 1
3.607 1
3.608 1
3.609 1
3.61 1
3.611 1
3.612 1
3.613 1
3.614 1
3.615 1
3.616 1
3.617 1
3.618 1
3.619 1
3.62 1
3.621 1
3.622 1
3.623 1
3.624 1
3.625 1
3.626 1
3.627 1
3.628 1
3.629 1
3.63 1
3.631 1
3.632 1
3.633 1
3.634 1
3.635 1
3.636 1
3.637 1
3.638 1
3.639 1
3.64 1
3.641 1
3.642 1
3.643 1
3.644 1
3.645 1
3.646 1
3.647 1
3.648 1
3.649 1
3.65 1
3.651 1
3.652 1
3.653 1
3.654 1
3.655 1
3.656 1
3.657 1
3.658 1
3.659 1
3.66 1
3.661 1
3.662 1
3.663 1
3.664 1
3.665 1
3.666 1
3.667 1
3.668 1
3.669 1
3.67 1
3.671 1
3.672 1
3.673 1
3.674 1
3.675 1
3.676 1
3.677 1
3.678 1
3.679 1
3.68 1
3.681 1
3.682 1
3.683 1
3.684 1
3.685 1
3.686 1
3.687 1
3.688 1
3.689 1
3.69 1
3.691 1
3.692 1
3.693 1
3.694 1
3.695 1
3.696 1
3.697 1
3.698 1
3.699 1
3.7 1
3.701 1
3.702 1
3.703 1
3.704 1
3.705 1
3.706 1
3.707 1
3.708 1
3.709 1
3.71 1
3.711 1
3.712 1
3.713 1
3.714 1
3.715 1
3.716 1
3.717 1
3.718 1
3.719 1
3.72 1
3.721 1
3.722 1
3.723 1
3.724 1
3.725 1
3.726 1
3.727 1
3.728 1
3.729 1
3.73 1
3.731 1
3.732 1
3.733 1
3.734 1
3.735 1
3.736 1
3.737 1
3.738 1
3.739 1
3.74 1
3.741 1
3.742 1
3.743 1
3.744 1
3.745 1
3.746 1
3.747 1
3.748 1
3.749 1
3.75 1
3.751 1
3.752 1
3.753 1
3.754 1
3.755 1
3.756 1
3.757 1
3.758 1
3.759 1
3.76 1
3.761 1
3.762 1
3.763 1
3.764 1
3.765 1
3.766 1
3.767 1
3.768 1
3.769 1
3.77 1
3.771 1
3.772 1
3.773 1
3.774 1
3.775 1
3.776 1
3.777 1
3.778 1
3.779 1
3.78 1
3.781 1
3.782 1
3.783 1
3.784 1
3.785 1
3.786 1
3.787 1
3.788 1
3.789 1
3.79 1
3.791 1
3.792 1
3.793 1
3.794 1
3.795 1
3.796 1
3.797 1
3.798 1
3.799 1
3.8 1
3.801 1
3.802 1
3.803 1
3.804 1
3.805 1
3.806 1
3.807 1
3.808 1
3.809 1
3.81 1
3.811 1
3.812 1
3.813 1
3.814 1
3.815 1
3.816 1
3.817 1
3.818 1
3.819 1
3.82 1
3.821 1
3.822 1
3.823 1
3.824 1
3.825 1
3.826 1
3.827 1
3.828 1
3.829 1
3.83 1
3.831 1
3.832 1
3.833 1
3.834 1
3.835 1
3.836 1
3.837 1
3.838 1
3.839 1
3.84 1
3.841 1
3.842 1
3.843 1
3.844 1
3.845 1
3.846 1
3.847 1
3.848 1
3.849 1
3.85 1
3.851 1
3.852 1
3.853 1
3.854 1
3.855 1
3.856 1
3.857 1
3.858 1
3.859 1
3.86 1
3.861 1
3.862 1
3.863 1
3.864 1
3.865 1
3.866 1
3.867 1
3.868 1
3.869 1
3.87 1
3.871 1
3.872 1
3.873 1
3.874 1
3.875 1
3.876 1
3.877 1
3.878 1
3.879 1
3.88 1
3.881 1
3.882 1
3.883 1
3.884 1
3.885 1
3.886 1
3.887 1
3.888 1
3.889 1
3.89 1
3.891 1
3.892 1
3.893 1
3.894 1
3.895 1
3.896 1
3.897 1
3.898 1
3.899 1
3.9 1
3.901 1
3.902 1
3.903 1
3.904 1
3.905 1
3.906 1
3.907 1
3.908 1
3.909 1
3.91 1
3.911 1
3.912 1
3.913 1
3.914 1
3.915 1
3.916 1
3.917 1
3.918 1
3.919 1
3.92 1
3.921 1
3.922 1
3.923 1
3.924 1
3.925 1
3.926 1
3.927 1
3.928 1
3.929 1
3.93 1
3.931 1
3.932 1
3.933 1
3.934 1
3.935 1
3.936 1
3.937 1
3.938 1
3.939 1
3.94 1
3.941 1
3.942 1
3.943 1
3.944 1
3.945 1
3.946 1
3.947 1
3.948 1
3.949 1
3.95 1
3.951 1
3.952 1
3.953 1
3.954 1
3.955 1
3.956 1
3.957 1
3.958 1
3.959 1
3.96 1
3.961 1
3.962 1
3.963 1
3.964 1
3.965 1
3.966 1
3.967 1
3.968 1
3.969 1
3.97 1
3.971 1
3.972 1
3.973 1
3.974 1
3.975 1
3.976 1
3.977 1
3.978 1
3.979 1
3.98 1
3.981 1
3.982 1
3.983 1
3.984 1
3.985 1
3.986 1
3.987 1
3.988 1
3.989 1
3.99 1
3.991 1
3.992 1
3.993 1
3.994 1
3.995 1
3.996 1
3.997 1
3.998 1
3.999 1
4 1
4.001 1
4.002 1
4.003 1
4.004 1
4.005 1
4.006 1
4.007 1
4.008 1
4.009 1
4.01 1
4.011 1
4.012 1
4.013 1
4.014 1
4.015 1
4.016 1
4.017 1
4.018 1
4.019 1
4.02 1
4.021 1
4.022 1
4.023 1
4.024 1
4.025 1
4.026 1
4.027 1
4.028 1
4.029 1
4.03 1
4.031 1
4.032 1
4.033 1
4.034 1
4.035 1
4.036 1
4.037 1
4.038 1
4.039 1
4.04 1
4.041 1
4.042 1
4.043 1
4.044 1
4.045 1
4.046 1
4.047 1
4.048 1
4.049 1
4.05 1
4.051 1
4.052 1
4.053 1
4.054 1
4.055 1
4.056 1
4.057 1
4.058 1
4.059 1
4.06 1
4.061 1
4.062 1
4.063 1
4.064 1
4.065 1
4.066 1
4.067 1
4.068 1
4.069 1
4.07 1
4.071 1
4.072 1
4.073 1
4.074 1
4.075 1
4.076 1
4.077 1
4.078 1
4.079 1
4.08 1
4.081 1
4.082 1
4.083 1
4.084 1
4.085 1
4.086 1
4.087 1
4.088 1
4.089 1
4.09 1
4.091 1
4.092 1
4.093 1
4.094 1
4.095 1
4.096 1
4.097 1
4.098 1
4.099 1
4.1 1
4.101 1
4.102 1
4.103 1
4.104 1
4.105 1
4.106 1
4.107 1
4.108 1
4.109 1
4.11 1
4.111 1
4.112 1
4.113 1
4.114 1
4.115 1
4.116 1
4.117 1
4.118 1
4.119 1
4.12 1
4.121 1
4.122 1
4.123 1
4.124 1
4.125 1
4.126 1
4.127 1
4.128 1
4.129 1
4.13 1
4.131 1
4.132 1
4.133 1
4.134 1
4.135 1
4.136 1
4.137 1
4.138 1
4.139 1
4.14 1
4.141 1
4.142 1
4.143 1
4.144 1
4.145 1
4.146 1
4.147 1
4.148 1
4.149 1
4.15 1
4.151 1
4.152 1
4.153 1
4.154 1
4.155 1
4.156 1
4.157 1
4.158 1
4.159 1
4.16 1
4.161 1
4.162 1
4.163 1
4.164 1
4.165 1
4.166 1
4.167 1
4.168 1
4.169 1
4.17 1
4.171 1
4.172 1
4.173 1
4.174 1
4.175 1
4.176 1
4.177 1
4.178 1
4.179 1
4.18 1
4.181 1
4.182 1
4.183 1
4.184 1
4.185 1
4.186 1
4.187 1
4.188 1
4.189 1
4.19 1
4.191 1
4.192 1
4.193 1
4.194 1
4.195 1
4.196 1
4.197 1
4.198 1
4.199 1
4.2 1
4.201 1
4.202 1
4.203 1
4.204 1
4.205 1
4.206 1
4.207 1
4.208 1
4.209 1
4.21 1
4.211 1
4.212 1
4.213 1
4.214 1
4.215 1
4.216 1
4.217 1
4.218 1
4.219 1
4.22 1
4.221 1
4.222 1
4.223 1
4.224 1
4.225 1
4.226 1
4.227 1
4.228 1
4.229 1
4.23 1
4.231 1
4.232 1
4.233 1
4.234 1
4.235 1
4.236 1
4.237 1
4.238 1
4.239 1
4.24 1
4.241 1
4.242 1
4.243 1
4.244 1
4.245 1
4.246 1
4.247 1
4.248 1
4.249 1
4.25 1
4.251 1
4.252 1
4.253 1
4.254 1
4.255 1
4.256 1
4.257 1
4.258 1
4.259 1
4.26 1
4.261 1
4.262 1
4.263 1
4.264 1
4.265 1
4.266 1
4.267 1
4.268 1
4.269 1
4.27 1
4.271 1
4.272 1
4.273 1
4.274 1
4.275 1
4.276 1
4.277 1
4.278 1
4.279 1
4.28 1
4.281 1
4.282 1
4.283 1
4.284 1
4.285 1
4.286 1
4.287 1
4.288 1
4.289 1
4.29 1
4.291 1
4.292 1
4.293 1
4.294 1
4.295 1
4.296 1
4.297 1
4.298 1
4.299 1
4.3 1
4.301 1
4.302 1
4.303 1
4.304 1
4.305 1
4.306 1
4.307 1
4.308 1
4.309 1
4.31 1
4.311 1
4.312 1
4.313 1
4.314 1
4.315 1
4.316 1
4.317 1
4.318 1
4.319 1
4.32 1
4.321 1
4.322 1
4.323 1
4.324 1
4.325 1
4.326 1
4.327 1
4.328 1
4.329 1
4.33 1
4.331 1
4.332 1
4.333 1
4.334 1
4.335 1
4.336 1
4.337 1
4.338 1
4.339 1
4.34 1
4.341 1
4.342 1
4.343 1
4.344 1
4.345 1
4.346 1
4.347 1
4.348 1
4.349 1
4.35 1
4.351 1
4.352 1
4.353 1
4.354 1
4.355 1
4.356 1
4.357 1
4.358 1
4.359 1
4.36 1
4.361 1
4.362 1
4.363 1
4.364 1
4.365 1
4.366 1
4.367 1
4.368 1
4.369 1
4.37 1
4.371 1
4.372 1
4.373 1
4.374 1
4.375 1
4.376 1
4.377 1
4.378 1
4.379 1
4.38 1
4.381 1
4.382 1
4.383 1
4.384 1
4.385 1
4.386 1
4.387 1
4.388 1
4.389 1
4.39 1
4.391 1
4.392 1
4.393 1
4.394 1
4.395 1
4.396 1
4.397 1
4.398 1
4.399 1
4.4 1
4.401 1
4.402 1
4.403 1
4.404 1
4.405 1
4.406 1
4.407 1
4.408 1
4.409 1
4.41 1
4.411 1
4.412 1
4.413 1
4.414 1
4.415 1
4.416 1
4.417 1
4.418 1
4.419 1
4.42 1
4.421 1
4.422 1
4.423 1
4.424 1
4.425 1
4.426 1
4.427 1
4.428 1
4.429 1
4.43 1
4.431 1
4.432 1
4.433 1
4.434 1
4.435 1
4.436 1
4.437 1
4.438 1
4.439 1
4.44 1
4.441 1
4.442 1
4.443 1
4.444 1
4.445 1
4.446 1
4.447 1
4.448 1
4.449 1
4.45 1
4.451 1
4.452 1
4.453 1
4.454 1
4.455 1
4.456 1
4.457 1
4.458 1
4.459 1
4.46 1
4.461 1
4.462 1
4.463 1
4.464 1
4.465 1
4.466 1
4.467 1
4.468 1
4.469 1
4.47 1
4.471 1
4.472 1
4.473 1
4.474 1
4.475 1
4.476 1
4.477 1
4.478 1
4.479 1
4.48 1
4.481 1
4.482 1
4.483 1
4.484 1
4.485 1
4.486 1
4.487 1
4.488 1
4.489 1
4.49 1
4.491 1
4.492 1
4.493 1
4.494 1
4.495 1
4.496 1
4.497 1
4.498 1
4.499 1
4.5 1
4.501 1
4.502 1
4.503 1
4.504 1
4.505 1
4.506 1
4.507 1
4.508 1
4.509 1
4.51 1
4.511 1
4.512 1
4.513 1
4.514 1
4.515 1
4.516 1
4.517 1
4.518 1
4.519 1
4.52 1
4.521 1
4.522 1
4.523 1
4.524 1
4.525 1
4.526 1
4.527 1
4.528 1
4.529 1
4.53 1
4.531 1
4.532 1
4.533 1
4.534 1
4.535 1
4.536 1
4.537 1
4.538 1
4.539 1
4.54 1
4.541 1
4.542 1
4.543 1
4.544 1
4.545 1
4.546 1
4.547 1
4.548 1
4.549 1
4.55 1
4.551 1
4.552 1
4.553 1
4.554 1
4.555 1
4.556 1
4.557 1
4.558 1
4.559 1
4.56 1
4.561 1
4.562 1
4.563 1
4.564 1
4.565 1
4.566 1
4.567 1
4.568 1
4.569 1
4.57 1
4.571 1
4.572 1
4.573 1
4.574 1
4.575 1
4.576 1
4.577 1
4.578 1
4.579 1
4.58 1
4.581 1
4.582 1
4.583 1
4.584 1
4.585 1
4.586 1
4.587 1
4.588 1
4.589 1
4.59 1
4.591 1
4.592 1
4.593 1
4.594 1
4.595 1
4.596 1
4.597 1
4.598 1
4.599 1
4.6 1
4.601 1
4.602 1
4.603 1
4.604 1
4.605 1
4.606 1
4.607 1
4.608 1
4.609 1
4.61 1
4.611 1
4.612 1
4.613 1
4.614 1
4.615 1
4.616 1
4.617 1
4.618 1
4.619 1
4.62 1
4.621 1
4.622 1
4.623 1
4.624 1
4.625 1
4.626 1
4.627 1
4.628 1
4.629 1
4.63 1
4.631 1
4.632 1
4.633 1
4.634 1
4.635 1
4.636 1
4.637 1
4.638 1
4.639 1
4.64 1
4.641 1
4.642 1
4.643 1
4.644 1
4.645 1
4.646 1
4.647 1
4.648 1
4.649 1
4.65 1
4.651 1
4.652 1
4.653 1
4.654 1
4.655 1
4.656 1
4.657 1
4.658 1
4.659 1
4.66 1
4.661 1
4.662 1
4.663 1
4.664 1
4.665 1
4.666 1
4.667 1
4.668 1
4.669 1
4.67 1
4.671 1
4.672 1
4.673 1
4.674 1
4.675 1
4.676 1
4.677 1
4.678 1
4.679 1
4.68 1
4.681 1
4.682 1
4.683 1
4.684 1
4.685 1
4.686 1
4.687 1
4.688 1
4.689 1
4.69 1
4.691 1
4.692 1
4.693 1
4.694 1
4.695 1
4.696 1
4.697 1
4.698 1
4.699 1
4.7 1
4.701 1
4.702 1
4.703 1
4.704 1
4.705 1
4.706 1
4.707 1
4.708 1
4.709 1
4.71 1
4.711 1
4.712 1
4.713 1
4.714 1
4.715 1
4.716 1
4.717 1
4.718 1
4.719 1
4.72 1
4.721 1
4.722 1
4.723 1
4.724 1
4.725 1
4.726 1
4.727 1
4.728 1
4.729 1
4.73 1
4.731 1
4.732 1
4.733 1
4.734 1
4.735 1
4.736 1
4.737 1
4.738 1
4.739 1
4.74 1
4.741 1
4.742 1
4.743 1
4.744 1
4.745 1
4.746 1
4.747 1
4.748 1
4.749 1
4.75 1
4.751 1
4.752 1
4.753 1
4.754 1
4.755 1
4.756 1
4.757 1
4.758 1
4.759 1
4.76 1
4.761 1
4.762 1
4.763 1
4.764 1
4.765 1
4.766 1
4.767 1
4.768 1
4.769 1
4.77 1
4.771 1
4.772 1
4.773 1
4.774 1
4.775 1
4.776 1
4.777 1
4.778 1
4.779 1
4.78 1
4.781 1
4.782 1
4.783 1
4.784 1
4.785 1
4.786 1
4.787 1
4.788 1
4.789 1
4.79 1
4.791 1
4.792 1
4.793 1
4.794 1
4.795 1
4.796 1
4.797 1
4.798 1
4.799 1
4.8 1
4.801 1
4.802 1
4.803 1
4.804 1
4.805 1
4.806 1
4.807 1
4.808 1
4.809 1
4.81 1
4.811 1
4.812 1
4.813 1
4.814 1
4.815 1
4.816 1
4.817 1
4.818 1
4.819 1
4.82 1
4.821 1
4.822 1
4.823 1
4.824 1
4.825 1
4.826 1
4.827 1
4.828 1
4.829 1
4.83 1
4.831 1
4.832 1
4.833 1
4.834 1
4.835 1
4.836 1
4.837 1
4.838 1
4.839 1
4.84 1
4.841 1
4.842 1
4.843 1
4.844 1
4.845 1
4.846 1
4.847 1
4.848 1
4.849 1
4.85 1
4.851 1
4.852 1
4.853 1
4.854 1
4.855 1
4.856 1
4.857 1
4.858 1
4.859 1
4.86 1
4.861 1
4.862 1
4.863 1
4.864 1
4.865 1
4.866 1
4.867 1
4.868 1
4.869 1
4.87 1
4.871 1
4.872 1
4.873 1
4.874 1
4.875 1
4.876 1
4.877 1
4.878 1
4.879 1
4.88 1
4.881 1
4.882 1
4.883 1
4.884 1
4.885 1
4.886 1
4.887 1
4.888 1
4.889 1
4.89 1
4.891 1
4.892 1
4.893 1
4.894 1
4.895 1
4.896 1
4.897 1
4.898 1
4.899 1
4.9 1
4.901 1
4.902 1
4.903 1
4.904 1
4.905 1
4.906 1
4.907 1
4.908 1
4.909 1
4.91 1
4.911 1
4.912 1
4.913 1
4.914 1
4.915 1
4.916 1
4.917 1
4.918 1
4.919 1
4.92 1
4.921 1
4.922 1
4.923 1
4.924 1
4.925 1
4.926 1
4.927 1
4.928 1
4.929 1
4.93 1
4.931 1
4.932 1
4.933 1
4.934 1
4.935 1
4.936 1
4.937 1
4.938 1
4.939 1
4.94 1
4.941 1
4.942 1
4.943 1
4.944 1
4.945 1
4.946 1
4.947 1
4.948 1
4.949 1
4.95 1
4.951 1
4.952 1
4.953 1
4.954 1
4.955 1
4.956 1
4.957 1
4.958 1
4.959 1
4.96 1
4.961 1
4.962 1
4.963 1
4.964 1
4.965 1
4.966 1
4.967 1
4.968 1
4.969 1
4.97 1
4.971 1
4.972 1
4.973 1
4.974 1
4.975 1
4.976 1
4.977 1
4.978 1
4.979 1
4.98 1
4.981 1
4.982 1
4.983 1
4.984 1
4.985 1
4.986 1
4.987 1
4.988 1
4.989 1
4.99 1
4.991 1
4.992 1
4.993 1
4.994 1
4.995 1
4.996 1
4.997 1
4.998 1
4.999 1
